139 1 3 0.0 -11.381086 -9.088803 -5.739613
140 1 4 0.0 -11.744419 -10.081449 -5.473635
141 1 4 0.0 -11.744419 -8.822825 -6.732258
142 1 5 0.0 -5.912584 -5.924705 -5.969361
143 1 6 0.0 -6.275918 -6.91735 -5.703382
144 1 6 0.0 -6.275917 -5.658727 -6.962006
145 1 3 0.0 -11.377924 -2.844216 -6.212798
146 1 4 0.0 -11.741258 -3.836862 -5.94682
147 1 4 0.0 -11.741257 -2.578238 -7.205443
148 1 3 0.0 -2.99283 -5.615365 -0.652243
149 1 4 0.0 -3.356164 -6.60801 -0.386264
150 1 4 0.0 -3.356163 -5.349386 -1.644888
151 1 3 0.0 -6.102736 -0.46936 -9.025137
152 1 4 0.0 -6.466069 -1.462006 -8.759158
153 1 4 0.0 -6.466069 -0.203381 -10.017782
154 1 3 0.0 -5.530085 -0.438881 -2.799189
155 1 4 0.0 -5.893418 -1.431526 -2.533211
156 1 4 0.0 -5.893417 -0.172903 -3.791834
157 1 5 0.0 -0.322031 -0.400788 -0.237387
158 1 6 0.0 -0.685364 -1.393433 0.028592
159 1 6 0.0 -0.685364 -0.13481 -1.230032
160 1 3 0.0 -9.107496 -6.569416 -11.35943
161 1 4 0.0 -9.47083 -7.562061 -11.093451
162 1 4 0.0 -9.47083 -6.303437 -12.352076
301 2 3 0.0 -11.381086 -9.088803 6.290387
302 2 4 0.0 -11.744419 -10.081449 6.556365
303 2 4 0.0 -11.744419 -8.822825 5.297741
304 2 5 0.0 -5.912584 -5.924705 6.060639
305 2 6 0.0 -6.275918 -6.91735 6.326618
306 2 6 0.0 -6.275917 -5.658727 5.067994
307 2 3 0.0 -11.377924 -2.844216 5.817202
308 2 4 0.0 -11.741258 -3.836862 6.08318
309 2 4 0.0 -11.741257 -2.578238 4.824556
310 2 3 0.0 -2.99283 -5.615365 11.377757
311 2 4 0.0 -3.356164 -6.60801 11.643736
312 2 4 0.0 -3.356163 -5.349386 10.385112
313 2 3 0.0 -6.102736 -0.46936 3.004863
314 2 4 0.0 -6.466069 -1.462006 3.270842
315 2 4 0.0 -6.466069 -0.203381 2.012218
316 2 3 0.0 -5.530085 -0.438881 9.230811
317 2 4 0.0 -5.893418 -1.431526 9.496789
318 2 4 0.0 -5.893417 -0.172903 8.238166
319 2 5 0.0 -0.322031 -0.400788 11.792613
320 2 6 0.0 -0.685364 -1.393433 12.058592
321 2 6 0.0 -0.685364 -0.13481 10.799968
322 2 3 0.0 -9.107496 -6.569416 0.67057
323 2 4 0.0 -9.47083 -7.562061 0.936548
324 2 4 0.0 -9.47083 -6.303437 -0.322076
463 3 3 0.0 -11.381086 -9.088803 18.320387
464 3 4 0.0 -11.744419 -10.081449 18.586365
465 3 4 0.0 -11.744419 -8.822825 17.327742
466 3 5 0.0 -5.912584 -5.924705 18.090639
467 3 6 0.0 -6.275918 -6.91735 18.356617
468 3 6 0.0 -6.275917 -5.658727 17.097994
469 3 3 0.0 -11.377924 -2.844216 17.8472
470 3 4 0.0 -11.741258 -3.836862 18.11318
471 3 4 0.0 -11.741257 -2.578238 16.854557
472 3 3 0.0 -2.99283 -5.615365 23.407757
473 3 4 0.0 -3.356164 -6.60801 23.673735
474 3 4 0.0 -3.356163 -5.349386 22.415112
475 3 3 0.0 -6.102736 -0.46936 15.034863
476 3 4 0.0 -6.466069 -1.462006 15.300841
477 3 4 0.0 -6.466069 -0.203381 14.042217
478 3 3 0.0 -5.530085 -0.438881 21.260811
479 3 4 0.0 -5.893418 -1.431526 21.526789
480 3 4 0.0 -5.893417 -0.172903 20.268166
481 3 5 0.0 -0.322031 -0.400788 23.822613
482 3 6 0.0 -0.685364 -1.393433 24.088591
483 3 6 0.0 -0.685364 -0.13481 22.829967
484 3 3 0.0 -9.107496 -6.569416 12.700569
485 3 4 0.0 -9.47083 -7.562061 12.966548
486 3 4 0.0 -9.47083 -6.303437 11.707924
625 4 3 0.0 -11.381086 2.941196 -5.739613
626 4 4 0.0 -11.744419 1.948551 -5.473635
627 4 4 0.0 -11.744419 3.207175 -6.732258
628 4 5 0.0 -5.912584 6.105295 -5.969361
629 4 6 0.0 -6.275918 5.112649 -5.703382
630 4 6 0.0 -6.275917 6.371273 -6.962006
631 4 3 0.0 -11.377924 9.185783 -6.212798
632 4 4 0.0 -11.741258 8.193138 -5.94682
633 4 4 0.0 -11.741257 9.451761 -7.205443
634 4 3 0.0 -2.99283 6.414635 -0.652243
635 4 4 0.0 -3.356164 5.42199 -0.386264
636 4 4 0.0 -3.356163 6.680614 -1.644888
637 4 3 0.0 -6.102736 11.560639 -9.025137
638 4 4 0.0 -6.466069 10.567994 -8.759158
639 4 4 0.0 -6.466069 11.826618 -10.017782
640 4 3 0.0 -5.530085 11.591119 -2.799189
641 4 4 0.0 -5.893418 10.598474 -2.533211
642 4 4 0.0 -5.893417 11.857097 -3.791834
643 4 5 0.0 -0.322031 11.629211 -0.237387
644 4 6 0.0 -0.685364 10.636566 0.028592
645 4 6 0.0 -0.685364 11.895189 -1.230032
646 4 3 0.0 -9.107496 5.460584 -11.35943
647 4 4 0.0 -9.47083 4.467939 -11.093451
648 4 4 0.0 -9.47083 5.726563 -12.352076
787 5 3 0.0 -11.381086 2.941196 6.290387
788 5 4 0.0 -11.744419 1.948551 6.556365
789 5 4 0.0 -11.744419 3.207175 5.297741
790 5 5 0.0 -5.912584 6.105295 6.060639
791 5 6 0.0 -6.275918 5.112649 6.326618
792 5 6 0.0 -6.275917 6.371273 5.067994
793 5 3 0.0 -11.377924 9.185783 5.817202
794 5 4 0.0 -11.741258 8.193138 6.08318
795 5 4 0.0 -11.741257 9.451761 4.824556
796 5 3 0.0 -2.99283 6.414635 11.377757
797 5 4 0.0 -3.356164 5.42199 11.643736
798 5 4 0.0 -3.356163 6.680614 10.385112
799 5 3 0.0 -6.102736 11.560639 3.004863
800 5 4 0.0 -6.466069 10.567994 3.270842
801 5 4 0.0 -6.466069 11.826618 2.012218
802 5 3 0.0 -5.530085 11.591119 9.230811
803 5 4 0.0 -5.893418 10.598474 9.496789
804 5 4 0.0 -5.893417 11.857097 8.238166
805 5 5 0.0 -0.322031 11.629211 11.792613
806 5 6 0.0 -0.685364 10.636566 12.058592
807 5 6 0.0 -0.685364 11.895189 10.799968
808 5 3 0.0 -9.107496 5.460584 0.67057
809 5 4 0.0 -9.47083 4.467939 0.936548
810 5 4 0.0 -9.47083 5.726563 -0.322076
949 6 3 0.0 -11.381086 2.941196 18.320387
950 6 4 0.0 -11.744419 1.948551 18.586365
951 6 4 0.0 -11.744419 3.207175 17.327742
952 6 5 0.0 -5.912584 6.105295 18.090639
953 6 6 0.0 -6.275918 5.112649 18.356617
954 6 6 0.0 -6.275917 6.371273 17.097994
955 6 3 0.0 -11.377924 9.185783 17.8472
956 6 4 0.0 -11.741258 8.193138 18.11318
957 6 4 0.0 -11.741257 9.451761 16.854557
958 6 3 0.0 -2.99283 6.414635 23.407757
959 6 4 0.0 -3.356164 5.42199 23.673735
960 6 4 0.0 -3.356163 6.680614 22.415112
961 6 3 0.0 -6.102736 11.560639 15.034863
962 6 4 0.0 -6.466069 10.567994 15.300841
963 6 4 0.0 -6.466069 11.826618 14.042217
964 6 3 0.0 -5.530085 11.591119 21.260811
965 6 4 0.0 -5.893418 10.598474 21.526789
966 6 4 0.0 -5.893417 11.857097 20.268166
967 6 5 0.0 -0.322031 11.629211 23.822613
968 6 6 0.0 -0.685364 10.636566 24.088591
969 6 6 0.0 -0.685364 11.895189 22.829967
970 6 3 0.0 -9.107496 5.460584 12.700569
971 6 4 0.0 -9.47083 4.467939 12.966548
972 6 4 0.0 -9.47083 5.726563 11.707924
1111 7 3 0.0 -11.381086 14.971196 -5.739613
1112 7 4 0.0 -11.744419 13.978551 -5.473635
1113 7 4 0.0 -11.744419 15.237174 -6.732258
1114 7 5 0.0 -5.912584 18.135294 -5.969361
1115 7 6 0.0 -6.275918 17.142649 -5.703382
1116 7 6 0.0 -6.275917 18.401274 -6.962006
1117 7 3 0.0 -11.377924 21.215782 -6.212798
1118 7 4 0.0 -11.741258 20.223137 -5.94682
1119 7 4 0.0 -11.741257 21.481762 -7.205443
1120 7 3 0.0 -2.99283 18.444635 -0.652243
1121 7 4 0.0 -3.356164 17.45199 -0.386264
1122 7 4 0.0 -3.356163 18.710613 -1.644888
1123 7 3 0.0 -6.102736 23.590639 -9.025137
1124 7 4 0.0 -6.466069 22.597994 -8.759158
1125 7 4 0.0 -6.466069 23.856617 -10.017782
1126 7 3 0.0 -5.530085 23.621119 -2.799189
1127 7 4 0.0 -5.893418 22.628473 -2.533211
1128 7 4 0.0 -5.893417 23.887096 -3.791834
1129 7 5 0.0 -0.322031 23.659212 -0.237387
1130 7 6 0.0 -0.685364 22.666567 0.028592
1131 7 6 0.0 -0.685364 23.92519 -1.230032
1132 7 3 0.0 -9.107496 17.490583 -11.35943
1133 7 4 0.0 -9.47083 16.497938 -11.093451
1134 7 4 0.0 -9.47083 17.756561 -12.352076
1273 8 3 0.0 -11.381086 14.971196 6.290387
1274 8 4 0.0 -11.744419 13.978551 6.556365
1275 8 4 0.0 -11.744419 15.237174 5.297741
1276 8 5 0.0 -5.912584 18.135294 6.060639
1277 8 6 0.0 -6.275918 17.142649 6.326618
1278 8 6 0.0 -6.275917 18.401274 5.067994
1279 8 3 0.0 -11.377924 21.215782 5.817202
1280 8 4 0.0 -11.741258 20.223137 6.08318
1281 8 4 0.0 -11.741257 21.481762 4.824556
1282 8 3 0.0 -2.99283 18.444635 11.377757
1283 8 4 0.0 -3.356164 17.45199 11.643736
1284 8 4 0.0 -3.356163 18.710613 10.385112
1285 8 3 0.0 -6.102736 23.590639 3.004863
1286 8 4 0.0 -6.466069 22.597994 3.270842
1287 8 4 0.0 -6.466069 23.856617 2.012218
1288 8 3 0.0 -5.530085 23.621119 9.230811
1289 8 4 0.0 -5.893418 22.628473 9.496789
1290 8 4 0.0 -5.893417 23.887096 8.238166
1291 8 5 0.0 -0.322031 23.659212 11.792613
1292 8 6 0.0 -0.685364 22.666567 12.058592
1293 8 6 0.0 -0.685364 23.92519 10.799968
1294 8 3 0.0 -9.107496 17.490583 0.67057
1295 8 4 0.0 -9.47083 16.497938 0.936548
1296 8 4 0.0 -9.47083 17.756561 -0.322076
1435 9 3 0.0 -11.381086 14.971196 18.320387
1436 9 4 0.0 -11.744419 13.978551 18.586365
1437 9 4 0.0 -11.744419 15.237174 17.327742
1438 9 5 0.0 -5.912584 18.135294 18.090639
1439 9 6 0.0 -6.275918 17.142649 18.356617
1440 9 6 0.0 -6.275917 18.401274 17.097994
1441 9 3 0.0 -11.377924 21.215782 17.8472
1442 9 4 0.0 -11.741258 20.223137 18.11318
1443 9 4 0.0 -11.741257 21.481762 16.854557
1444 9 3 0.0 -2.99283 18.444635 23.407757
1445 9 4 0.0 -3.356164 17.45199 23.673735
1446 9 4 0.0 -3.356163 18.710613 22.415112
1447 9 3 0.0 -6.102736 23.590639 15.034863
1448 9 4 0.0 -6.466069 22.597994 15.300841
1449 9 4 0.0 -6.466069 23.856617 14.042217
1450 9 3 0.0 -5.530085 23.621119 21.260811
1451 9 4 0.0 -5.893418 22.628473 21.526789
1452 9 4 0.0 -5.893417 23.887096 20.268166
1453 9 5 0.0 -0.322031 23.659212 23.822613
1454 9 6 0.0 -0.685364 22.666567 24.088591
1455 9 6 0.0 -0.685364 23.92519 22.829967
1456 9 3 0.0 -9.107496 17.490583 12.700569
1457 9 4 0.0 -9.47083 16.497938 12.966548
1458 9 4 0.0 -9.47083 17.756561 11.707924
1597 10 3 0.0 0.648914 -9.088803 -5.739613
1598 10 4 0.0 0.28558 -10.081449 -5.473635
1599 10 4 0.0 0.285581 -8.822825 -6.732258
1600 10 5 0.0 6.117415 -5.924705 -5.969361
1601 10 6 0.0 5.754082 -6.91735 -5.703382
1602 10 6 0.0 5.754083 -5.658727 -6.962006
1603 10 3 0.0 0.652076 -2.844216 -6.212798
1604 10 4 0.0 0.288742 -3.836862 -5.94682
1605 10 4 0.0 0.288743 -2.578238 -7.205443
1606 10 3 0.0 9.037169 -5.615365 -0.652243
1607 10 4 0.0 8.673836 -6.60801 -0.386264
1608 10 4 0.0 8.673837 -5.349386 -1.644888
1609 10 3 0.0 5.927264 -0.46936 -9.025137
1610 10 4 0.0 5.563931 -1.462006 -8.759158
1611 10 4 0.0 5.563931 -0.203381 -10.017782
1612 10 3 0.0 6.499915 -0.438881 -2.799189
1613 10 4 0.0 6.136582 -1.431526 -2.533211
1614 10 4 0.0 6.136582 -0.172903 -3.791834
1615 10 5 0.0 11.707969 -0.400788 -0.237387
1616 10 6 0.0 11.344636 -1.393433 0.028592
1617 10 6 0.0 11.344636 -0.13481 -1.230032
1618 10 3 0.0 2.922503 -6.569416 -11.35943
1619 10 4 0.0 2.55917 -7.562061 -11.093451
1620 10 4 0.0 2.55917 -6.303437 -12.352076
1759 11 3 0.0 0.648914 -9.088803 6.290387
1760 11 4 0.0 0.28558 -10.081449 6.556365
1761 11 4 0.0 0.285581 -8.822825 5.297741
1762 11 5 0.0 6.117415 -5.924705 6.060639
1763 11 6 0.0 5.754082 -6.91735 6.326618
1764 11 6 0.0 5.754083 -5.658727 5.067994
1765 11 3 0.0 0.652076 -2.844216 5.817202
1766 11 4 0.0 0.288742 -3.836862 6.08318
1767 11 4 0.0 0.288743 -2.578238 4.824556
1768 11 3 0.0 9.037169 -5.615365 11.377757
1769 11 4 0.0 8.673836 -6.60801 11.643736
1770 11 4 0.0 8.673837 -5.349386 10.385112
1771 11 3 0.0 5.927264 -0.46936 3.004863
1772 11 4 0.0 5.563931 -1.462006 3.270842
1773 11 4 0.0 5.563931 -0.203381 2.012218
1774 11 3 0.0 6.499915 -0.438881 9.230811
1775 11 4 0.0 6.136582 -1.431526 9.496789
1776 11 4 0.0 6.136582 -0.172903 8.238166
1777 11 5 0.0 11.707969 -0.400788 11.792613
1778 11 6 0.0 11.344636 -1.393433 12.058592
1779 11 6 0.0 11.344636 -0.13481 10.799968
1780 11 3 0.0 2.922503 -6.569416 0.67057
1781 11 4 0.0 2.55917 -7.562061 0.936548
1782 11 4 0.0 2.55917 -6.303437 -0.322076
1921 12 3 0.0 0.648914 -9.088803 18.320387
1922 12 4 0.0 0.28558 -10.081449 18.586365
1923 12 4 0.0 0.285581 -8.822825 17.327742
1924 12 5 0.0 6.117415 -5.924705 18.090639
1925 12 6 0.0 5.754082 -6.91735 18.356617
1926 12 6 0.0 5.754083 -5.658727 17.097994
1927 12 3 0.0 0.652076 -2.844216 17.8472
1928 12 4 0.0 0.288742 -3.836862 18.11318
1929 12 4 0.0 0.288743 -2.578238 16.854557
1930 12 3 0.0 9.037169 -5.615365 23.407757
1931 12 4 0.0 8.673836 -6.60801 23.673735
1932 12 4 0.0 8.673837 -5.349386 22.415112
1933 12 3 0.0 5.927264 -0.46936 15.034863
1934 12 4 0.0 5.563931 -1.462006 15.300841
1935 12 4 0.0 5.563931 -0.203381 14.042217
1936 12 3 0.0 6.499915 -0.438881 21.260811
1937 12 4 0.0 6.136582 -1.431526 21.526789
1938 12 4 0.0 6.136582 -0.172903 20.268166
1939 12 5 0.0 11.707969 -0.400788 23.822613
1940 12 6 0.0 11.344636 -1.393433 24.088591
1941 12 6 0.0 11.344636 -0.13481 22.829967
1942 12 3 0.0 2.922503 -6.569416 12.700569
1943 12 4 0.0 2.55917 -7.562061 12.966548
1944 12 4 0.0 2.55917 -6.303437 11.707924
2083 13 3 0.0 0.648914 2.941196 -5.739613
2084 13 4 0.0 0.28558 1.948551 -5.473635
2085 13 4 0.0 0.285581 3.207175 -6.732258
2086 13 5 0.0 6.117415 6.105295 -5.969361
2087 13 6 0.0 5.754082 5.112649 -5.703382
2088 13 6 0.0 5.754083 6.371273 -6.962006
2089 13 3 0.0 0.652076 9.185783 -6.212798
2090 13 4 0.0 0.288742 8.193138 -5.94682
2091 13 4 0.0 0.288743 9.451761 -7.205443
2092 13 3 0.0 9.037169 6.414635 -0.652243
2093 13 4 0.0 8.673836 5.42199 -0.386264
2094 13 4 0.0 8.673837 6.680614 -1.644888
2095 13 3 0.0 5.927264 11.560639 -9.025137
2096 13 4 0.0 5.563931 10.567994 -8.759158
2097 13 4 0.0 5.563931 11.826618 -10.017782
2098 13 3 0.0 6.499915 11.591119 -2.799189
2099 13 4 0.0 6.136582 10.598474 -2.533211
2100 13 4 0.0 6.136582 11.857097 -3.791834
2101 13 5 0.0 11.707969 11.629211 -0.237387
2102 13 6 0.0 11.344636 10.636566 0.028592
2103 13 6 0.0 11.344636 11.895189 -1.230032
2104 13 3 0.0 2.922503 5.460584 -11.35943
2105 13 4 0.0 2.55917 4.467939 -11.093451
2106 13 4 0.0 2.55917 5.726563 -12.352076
2245 14 3 0.0 0.648914 2.941196 6.290387
2246 14 4 0.0 0.28558 1.948551 6.556365
2247 14 4 0.0 0.285581 3.207175 5.297741
2248 14 5 0.0 6.117415 6.105295 6.060639
2249 14 6 0.0 5.754082 5.112649 6.326618
2250 14 6 0.0 5.754083 6.371273 5.067994
2251 14 3 0.0 0.652076 9.185783 5.817202
2252 14 4 0.0 0.288742 8.193138 6.08318
2253 14 4 0.0 0.288743 9.451761 4.824556
2254 14 3 0.0 9.037169 6.414635 11.377757
2255 14 4 0.0 8.673836 5.42199 11.643736
2256 14 4 0.0 8.673837 6.680614 10.385112
2257 14 3 0.0 5.927264 11.560639 3.004863
2258 14 4 0.0 5.563931 10.567994 3.270842
2259 14 4 0.0 5.563931 11.826618 2.012218
2260 14 3 0.0 6.499915 11.591119 9.230811
2261 14 4 0.0 6.136582 10.598474 9.496789
2262 14 4 0.0 6.136582 11.857097 8.238166
2263 14 5 0.0 11.707969 11.629211 11.792613
2264 14 6 0.0 11.344636 10.636566 12.058592
2265 14 6 0.0 11.344636 11.895189 10.799968
2266 14 3 0.0 2.922503 5.460584 0.67057
2267 14 4 0.0 2.55917 4.467939 0.936548
2268 14 4 0.0 2.55917 5.726563 -0.322076
2407 15 3 0.0 0.648914 2.941196 18.320387
2408 15 4 0.0 0.28558 1.948551 18.586365
2409 15 4 0.0 0.285581 3.207175 17.327742
2410 15 5 0.0 6.117415 6.105295 18.090639
2411 15 6 0.0 5.754082 5.112649 18.356617
2412 15 6 0.0 5.754083 6.371273 17.097994
2413 15 3 0.0 0.652076 9.185783 17.8472
2414 15 4 0.0 0.288742 8.193138 18.11318
2415 15 4 0.0 0.288743 9.451761 16.854557
2416 15 3 0.0 9.037169 6.414635 23.407757
2417 15 4 0.0 8.673836 5.42199 23.673735
2418 15 4 0.0 8.673837 6.680614 22.415112
2419 15 3 0.0 5.927264 11.560639 15.034863
2420 15 4 0.0 5.563931 10.567994 15.300841
2421 15 4 0.0 5.563931 11.826618 14.042217
2422 15 3 0.0 6.499915 11.591119 21.260811
2423 15 4 0.0 6.136582 10.598474 21.526789
2424 15 4 0.0 6.136582 11.857097 20.268166
2425 15 5 0.0 11.707969 11.629211 23.822613
2426 15 6 0.0 11.344636 10.636566 24.088591
2427 15 6 0.0 11.344636 11.895189 22.829967
2428 15 3 0.0 2.922503 5.460584 12.700569
2429 15 4 0.0 2.55917 4.467939 12.966548
2430 15 4 0.0 2.55917 5.726563 11.707924
2569 16 3 0.0 0.648914 14.971196 -5.739613
2570 16 4 0.0 0.28558 13.978551 -5.473635
2571 16 4 0.0 0.285581 15.237174 -6.732258
2572 16 5 0.0 6.117415 18.135294 -5.969361
2573 16 6 0.0 5.754082 17.142649 -5.703382
2574 16 6 0.0 5.754083 18.401274 -6.962006
2575 16 3 0.0 0.652076 21.215782 -6.212798
2576 16 4 0.0 0.288742 20.223137 -5.94682
2577 16 4 0.0 0.288743 21.481762 -7.205443
2578 16 3 0.0 9.037169 18.444635 -0.652243
2579 16 4 0.0 8.673836 17.45199 -0.386264
2580 16 4 0.0 8.673837 18.710613 -1.644888
2581 16 3 0.0 5.927264 23.590639 -9.025137
2582 16 4 0.0 5.563931 22.597994 -8.759158
2583 16 4 0.0 5.563931 23.856617 -10.017782
2584 16 3 0.0 6.499915 23.621119 -2.799189
2585 16 4 0.0 6.136582 22.628473 -2.533211
2586 16 4 0.0 6.136582 23.887096 -3.791834
2587 16 5 0.0 11.707969 23.659212 -0.237387
2588 16 6 0.0 11.344636 22.666567 0.028592
2589 16 6 0.0 11.344636 23.92519 -1.230032
2590 16 3 0.0 2.922503 17.490583 -11.35943
2591 16 4 0.0 2.55917 16.497938 -11.093451
2592 16 4 0.0 2.55917 17.756561 -12.352076
2731 17 3 0.0 0.648914 14.971196 6.290387
2732 17 4 0.0 0.28558 13.978551 6.556365
2733 17 4 0.0 0.285581 15.237174 5.297741
2734 17 5 0.0 6.117415 18.135294 6.060639
2735 17 6 0.0 5.754082 17.142649 6.326618
2736 17 6 0.0 5.754083 18.401274 5.067994
2737 17 3 0.0 0.652076 21.215782 5.817202
2738 17 4 0.0 0.288742 20.223137 6.08318
2739 17 4 0.0 0.288743 21.481762 4.824556
2740 17 3 0.0 9.037169 18.444635 11.377757
2741 17 4 0.0 8.673836 17.45199 11.643736
2742 17 4 0.0 8.673837 18.710613 10.385112
2743 17 3 0.0 5.927264 23.590639 3.004863
2744 17 4 0.0 5.563931 22.597994 3.270842
2745 17 4 0.0 5.563931 23.856617 2.012218
2746 17 3 0.0 6.499915 23.621119 9.230811
2747 17 4 0.0 6.136582 22.628473 9.496789
2748 17 4 0.0 6.136582 23.887096 8.238166
2749 17 5 0.0 11.707969 23.659212 11.792613
2750 17 6 0.0 11.344636 22.666567 12.058592
2751 17 6 0.0 11.344636 23.92519 10.799968
2752 17 3 0.0 2.922503 17.490583 0.67057
2753 17 4 0.0 2.55917 16.497938 0.936548
2754 17 4 0.0 2.55917 17.756561 -0.322076
2893 18 3 0.0 0.648914 14.971196 18.320387
2894 18 4 0.0 0.28558 13.978551 18.586365
2895 18 4 0.0 0.285581 15.237174 17.327742
2896 18 5 0.0 6.117415 18.135294 18.090639
2897 18 6 0.0 5.754082 17.142649 18.356617
2898 18 6 0.0 5.754083 18.401274 17.097994
2899 18 3 0.0 0.652076 21.215782 17.8472
2900 18 4 0.0 0.288742 20.223137 18.11318
2901 18 4 0.0 0.288743 21.481762 16.854557
2902 18 3 0.0 9.037169 18.444635 23.407757
2903 18 4 0.0 8.673836 17.45199 23.673735
2904 18 4 0.0 8.673837 18.710613 22.415112
2905 18 3 0.0 5.927264 23.590639 15.034863
2906 18 4 0.0 5.563931 22.597994 15.300841
2907 18 4 0.0 5.563931 23.856617 14.042217
2908 18 3 0.0 6.499915 23.621119 21.260811
2909 18 4 0.0 6.136582 22.628473 21.526789
2910 18 4 0.0 6.136582 23.887096 20.268166
2911 18 5 0.0 11.707969 23.659212 23.822613
2912 18 6 0.0 11.344636 22.666567 24.088591
2913 18 6 0.0 11.344636 23.92519 22.829967
2914 18 3 0.0 2.922503 17.490583 12.700569
2915 18 4 0.0 2.55917 16.497938 12.966548
2916 18 4 0.0 2.55917 17.756561 11.707924
3055 19 3 0.0 12.678913 -9.088803 -5.739613
3056 19 4 0.0 12.31558 -10.081449 -5.473635
3057 19 4 0.0 12.31558 -8.822825 -6.732258
3058 19 5 0.0 18.147415 -5.924705 -5.969361
3059 19 6 0.0 17.784082 -6.91735 -5.703382
3060 19 6 0.0 17.784082 -5.658727 -6.962006
3061 19 3 0.0 12.682076 -2.844216 -6.212798
3062 19 4 0.0 12.318742 -3.836862 -5.94682
3063 19 4 0.0 12.318743 -2.578238 -7.205443
3064 19 3 0.0 21.067169 -5.615365 -0.652243
3065 19 4 0.0 20.703836 -6.60801 -0.386264
3066 19 4 0.0 20.703836 -5.349386 -1.644888
3067 19 3 0.0 17.957264 -0.46936 -9.025137
3068 19 4 0.0 17.593929 -1.462006 -8.759158
3069 19 4 0.0 17.593931 -0.203381 -10.017782
3070 19 3 0.0 18.529915 -0.438881 -2.799189
3071 19 4 0.0 18.166582 -1.431526 -2.533211
3072 19 4 0.0 18.166582 -0.172903 -3.791834
3073 19 5 0.0 23.737968 -0.400788 -0.237387
3074 19 6 0.0 23.374636 -1.393433 0.028592
3075 19 6 0.0 23.374636 -0.13481 -1.230032
3076 19 3 0.0 14.952502 -6.569416 -11.35943
3077 19 4 0.0 14.58917 -7.562061 -11.093451
3078 19 4 0.0 14.58917 -6.303437 -12.352076
3217 20 3 0.0 12.678913 -9.088803 6.290387
3218 20 4 0.0 12.31558 -10.081449 6.556365
3219 20 4 0.0 12.31558 -8.822825 5.297741
3220 20 5 0.0 18.147415 -5.924705 6.060639
3221 20 6 0.0 17.784082 -6.91735 6.326618
3222 20 6 0.0 17.784082 -5.658727 5.067994
3223 20 3 0.0 12.682076 -2.844216 5.817202
3224 20 4 0.0 12.318742 -3.836862 6.08318
3225 20 4 0.0 12.318743 -2.578238 4.824556
3226 20 3 0.0 21.067169 -5.615365 11.377757
3227 20 4 0.0 20.703836 -6.60801 11.643736
3228 20 4 0.0 20.703836 -5.349386 10.385112
3229 20 3 0.0 17.957264 -0.46936 3.004863
3230 20 4 0.0 17.593929 -1.462006 3.270842
3231 20 4 0.0 17.593931 -0.203381 2.012218
3232 20 3 0.0 18.529915 -0.438881 9.230811
3233 20 4 0.0 18.166582 -1.431526 9.496789
3234 20 4 0.0 18.166582 -0.172903 8.238166
3235 20 5 0.0 23.737968 -0.400788 11.792613
3236 20 6 0.0 23.374636 -1.393433 12.058592
3237 20 6 0.0 23.374636 -0.13481 10.799968
3238 20 3 0.0 14.952502 -6.569416 0.67057
3239 20 4 0.0 14.58917 -7.562061 0.936548
3240 20 4 0.0 14.58917 -6.303437 -0.322076
3379 21 3 0.0 12.678913 -9.088803 18.320387
3380 21 4 0.0 12.31558 -10.081449 18.586365
3381 21 4 0.0 12.31558 -8.822825 17.327742
3382 21 5 0.0 18.147415 -5.924705 18.090639
3383 21 6 0.0 17.784082 -6.91735 18.356617
3384 21 6 0.0 17.784082 -5.658727 17.097994
3385 21 3 0.0 12.682076 -2.844216 17.8472
3386 21 4 0.0 12.318742 -3.836862 18.11318
3387 21 4 0.0 12.318743 -2.578238 16.854557
3388 21 3 0.0 21.067169 -5.615365 23.407757
3389 21 4 0.0 20.703836 -6.60801 23.673735
3390 21 4 0.0 20.703836 -5.349386 22.415112
3391 21 3 0.0 17.957264 -0.46936 15.034863
3392 21 4 0.0 17.593929 -1.462006 15.300841
3393 21 4 0.0 17.593931 -0.203381 14.042217
3394 21 3 0.0 18.529915 -0.438881 21.260811
3395 21 4 0.0 18.166582 -1.431526 21.526789
3396 21 4 0.0 18.166582 -0.172903 20.268166
3397 21 5 0.0 23.737968 -0.400788 23.822613
3398 21 6 0.0 23.374636 -1.393433 24.088591
3399 21 6 0.0 23.374636 -0.13481 22.829967
3400 21 3 0.0 14.952502 -6.569416 12.700569
3401 21 4 0.0 14.58917 -7.562061 12.966548
3402 21 4 0.0 14.58917 -6.303437 11.707924
3541 22 3 0.0 12.678913 2.941196 -5.739613
3542 22 4 0.0 12.31558 1.948551 -5.473635
3543 22 4 0.0 12.31558 3.207175 -6.732258
3544 22 5 0.0 18.147415 6.105295 -5.969361
3545 22 6 0.0 17.784082 5.112649 -5.703382
3546 22 6 0.0 17.784082 6.371273 -6.962006
3547 22 3 0.0 12.682076 9.185783 -6.212798
3548 22 4 0.0 12.318742 8.193138 -5.94682
3549 22 4 0.0 12.318743 9.451761 -7.205443
3550 22 3 0.0 21.067169 6.414635 -0.652243
3551 22 4 0.0 20.703836 5.42199 -0.386264
3552 22 4 0.0 20.703836 6.680614 -1.644888
3553 22 3 0.0 17.957264 11.560639 -9.025137
3554 22 4 0.0 17.593929 10.567994 -8.759158
3555 22 4 0.0 17.593931 11.826618 -10.017782
3556 22 3 0.0 18.529915 11.591119 -2.799189
3557 22 4 0.0 18.166582 10.598474 -2.533211
3558 22 4 0.0 18.166582 11.857097 -3.791834
3559 22 5 0.0 23.737968 11.629211 -0.237387
3560 22 6 0.0 23.374636 10.636566 0.028592
3561 22 6 0.0 23.374636 11.895189 -1.230032
3562 22 3 0.0 14.952502 5.460584 -11.35943
3563 22 4 0.0 14.58917 4.467939 -11.093451
3564 22 4 0.0 14.58917 5.726563 -12.352076
3703 23 3 0.0 12.678913 2.941196 6.290387
3704 23 4 0.0 12.31558 1.948551 6.556365
3705 23 4 0.0 12.31558 3.207175 5.297741
3706 23 5 0.0 18.147415 6.105295 6.060639
3707 23 6 0.0 17.784082 5.112649 6.326618
3708 23 6 0.0 17.784082 6.371273 5.067994
3709 23 3 0.0 12.682076 9.185783 5.817202
3710 23 4 0.0 12.318742 8.193138 6.08318
3711 23 4 0.0 12.318743 9.451761 4.824556
3712 23 3 0.0 21.067169 6.414635 11.377757
3713 23 4 0.0 20.703836 5.42199 11.643736
3714 23 4 0.0 20.703836 6.680614 10.385112
3715 23 3 0.0 17.957264 11.560639 3.004863
3716 23 4 0.0 17.593929 10.567994 3.270842
3717 23 4 0.0 17.593931 11.826618 2.012218
3718 23 3 0.0 18.529915 11.591119 9.230811
3719 23 4 0.0 18.166582 10.598474 9.496789
3720 23 4 0.0 18.166582 11.857097 8.238166
3721 23 5 0.0 23.737968 11.629211 11.792613
3722 23 6 0.0 23.374636 10.636566 12.058592
3723 23 6 0.0 23.374636 11.895189 10.799968
3724 23 3 0.0 14.952502 5.460584 0.67057
3725 23 4 0.0 14.58917 4.467939 0.936548
3726 23 4 0.0 14.58917 5.726563 -0.322076
3865 24 3 0.0 12.678913 2.941196 18.320387
3866 24 4 0.0 12.31558 1.948551 18.586365
3867 24 4 0.0 12.31558 3.207175 17.327742
3868 24 5 0.0 18.147415 6.105295 18.090639
3869 24 6 0.0 17.784082 5.112649 18.356617
3870 24 6 0.0 17.784082 6.371273 17.097994
3871 24 3 0.0 12.682076 9.185783 17.8472
3872 24 4 0.0 12.318742 8.193138 18.11318
3873 24 4 0.0 12.318743 9.451761 16.854557
3874 24 3 0.0 21.067169 6.414635 23.407757
3875 24 4 0.0 20.703836 5.42199 23.673735
3876 24 4 0.0 20.703836 6.680614 22.415112
3877 24 3 0.0 17.957264 11.560639 15.034863
3878 24 4 0.0 17.593929 10.567994 15.300841
3879 24 4 0.0 17.593931 11.826618 14.042217
3880 24 3 0.0 18.529915 11.591119 21.260811
3881 24 4 0.0 18.166582 10.598474 21.526789
3882 24 4 0.0 18.166582 11.857097 20.268166
3883 24 5 0.0 23.737968 11.629211 23.822613
3884 24 6 0.0 23.374636 10.636566 24.088591
3885 24 6 0.0 23.374636 11.895189 22.829967
3886 24 3 0.0 14.952502 5.460584 12.700569
3887 24 4 0.0 14.58917 4.467939 12.966548
3888 24 4 0.0 14.58917 5.726563 11.707924
4027 25 3 0.0 12.678913 14.971196 -5.739613
4028 25 4 0.0 12.31558 13.978551 -5.473635
4029 25 4 0.0 12.31558 15.237174 -6.732258
4030 25 5 0.0 18.147415 18.135294 -5.969361
4031 25 6 0.0 17.784082 17.142649 -5.703382
4032 25 6 0.0 17.784082 18.401274 -6.962006
4033 25 3 0.0 12.682076 21.215782 -6.212798
4034 25 4 0.0 12.318742 20.223137 -5.94682
4035 25 4 0.0 12.318743 21.481762 -7.205443
4036 25 3 0.0 21.067169 18.444635 -0.652243
4037 25 4 0.0 20.703836 17.45199 -0.386264
4038 25 4 0.0 20.703836 18.710613 -1.644888
4039 25 3 0.0 17.957264 23.590639 -9.025137
4040 25 4 0.0 17.593929 22.597994 -8.759158
4041 25 4 0.0 17.593931 23.856617 -10.017782
4042 25 3 0.0 18.529915 23.621119 -2.799189
4043 25 4 0.0 18.166582 22.628473 -2.533211
4044 25 4 0.0 18.166582 23.887096 -3.791834
4045 25 5 0.0 23.737968 23.659212 -0.237387
4046 25 6 0.0 23.374636 22.666567 0.028592
4047 25 6 0.0 23.374636 23.92519 -1.230032
4048 25 3 0.0 14.952502 17.490583 -11.35943
4049 25 4 0.0 14.58917 16.497938 -11.093451
4050 25 4 0.0 14.58917 17.756561 -12.352076
4189 26 3 0.0 12.678913 14.971196 6.290387
4190 26 4 0.0 12.31558 13.978551 6.556365
4191 26 4 0.0 12.31558 15.237174 5.297741
4192 26 5 0.0 18.147415 18.135294 6.060639
4193 26 6 0.0 17.784082 17.142649 6.326618
4194 26 6 0.0 17.784082 18.401274 5.067994
4195 26 3 0.0 12.682076 21.215782 5.817202
4196 26 4 0.0 12.318742 20.223137 6.08318
4197 26 4 0.0 12.318743 21.481762 4.824556
4198 26 3 0.0 21.067169 18.444635 11.377757
4199 26 4 0.0 20.703836 17.45199 11.643736
4200 26 4 0.0 20.703836 18.710613 10.385112
4201 26 3 0.0 17.957264 23.590639 3.004863
4202 26 4 0.0 17.593929 22.597994 3.270842
4203 26 4 0.0 17.593931 23.856617 2.012218
4204 26 3 0.0 18.529915 23.621119 9.230811
4205 26 4 0.0 18.166582 22.628473 9.496789
4206 26 4 0.0 18.166582 23.887096 8.238166
4207 26 5 0.0 23.737968 23.659212 11.792613
4208 26 6 0.0 23.374636 22.666567 12.058592
4209 26 6 0.0 23.374636 23.92519 10.799968
4210 26 3 0.0 14.952502 17.490583 0.67057
4211 26 4 0.0 14.58917 16.497938 0.936548
4212 26 4 0.0 14.58917 17.756561 -0.322076
4351 27 3 0.0 12.678913 14.971196 18.320387
4352 27 4 0.0 12.31558 13.978551 18.586365
4353 27 4 0.0 12.31558 15.237174 17.327742
4354 27 5 0.0 18.147415 18.135294 18.090639
4355 27 6 0.0 17.784082 17.142649 18.356617
4356 27 6 0.0 17.784082 18.401274 17.097994
4357 27 3 0.0 12.682076 21.215782 17.8472
4358 27 4 0.0 12.318742 20.223137 18.11318
4359 27 4 0.0 12.318743 21.481762 16.854557
4360 27 3 0.0 21.067169 18.444635 23.407757
4361 27 4 0.0 20.703836 17.45199 23.673735
4362 27 4 0.0 20.703836 18.710613 22.415112
4363 27 3 0.0 17.957264 23.590639 15.034863
4364 27 4 0.0 17.593929 22.597994 15.300841
4365 27 4 0.0 17.593931 23.856617 14.042217
4366 27 3 0.0 18.529915 23.621119 21.260811
4367 27 4 0.0 18.166582 22.628473 21.526789
4368 27 4 0.0 18.166582 23.887096 20.268166
4369 27 5 0.0 23.737968 23.659212 23.822613
4370 27 6 0.0 23.374636 22.666567 24.088591
4371 27 6 0.0 23.374636 23.92519 22.829967
4372 27 3 0.0 14.952502 17.490583 12.700569
4373 27 4 0.0 14.58917 16.497938 12.966548
4374 27 4 0.0 14.58917 17.756561 11.707924
