142 1 5 0.0 -5.912584 -5.924705 -5.969361
143 1 6 0.0 -6.275918 -6.91735 -5.703382
144 1 6 0.0 -6.275917 -5.658727 -6.962006
157 1 5 0.0 -0.322031 -0.400788 -0.237387
158 1 6 0.0 -0.685364 -1.393433 0.028592
159 1 6 0.0 -0.685364 -0.13481 -1.230032
304 2 5 0.0 -5.912584 -5.924705 6.060639
305 2 6 0.0 -6.275918 -6.91735 6.326618
306 2 6 0.0 -6.275917 -5.658727 5.067994
319 2 5 0.0 -0.322031 -0.400788 11.792613
320 2 6 0.0 -0.685364 -1.393433 12.058592
321 2 6 0.0 -0.685364 -0.13481 10.799968
466 3 5 0.0 -5.912584 -5.924705 18.090639
467 3 6 0.0 -6.275918 -6.91735 18.356617
468 3 6 0.0 -6.275917 -5.658727 17.097994
481 3 5 0.0 -0.322031 -0.400788 23.822613
482 3 6 0.0 -0.685364 -1.393433 24.088591
483 3 6 0.0 -0.685364 -0.13481 22.829967
628 4 5 0.0 -5.912584 6.105295 -5.969361
629 4 6 0.0 -6.275918 5.112649 -5.703382
630 4 6 0.0 -6.275917 6.371273 -6.962006
643 4 5 0.0 -0.322031 11.629211 -0.237387
644 4 6 0.0 -0.685364 10.636566 0.028592
645 4 6 0.0 -0.685364 11.895189 -1.230032
790 5 5 0.0 -5.912584 6.105295 6.060639
791 5 6 0.0 -6.275918 5.112649 6.326618
792 5 6 0.0 -6.275917 6.371273 5.067994
805 5 5 0.0 -0.322031 11.629211 11.792613
806 5 6 0.0 -0.685364 10.636566 12.058592
807 5 6 0.0 -0.685364 11.895189 10.799968
952 6 5 0.0 -5.912584 6.105295 18.090639
953 6 6 0.0 -6.275918 5.112649 18.356617
954 6 6 0.0 -6.275917 6.371273 17.097994
967 6 5 0.0 -0.322031 11.629211 23.822613
968 6 6 0.0 -0.685364 10.636566 24.088591
969 6 6 0.0 -0.685364 11.895189 22.829967
1114 7 5 0.0 -5.912584 18.135294 -5.969361
1115 7 6 0.0 -6.275918 17.142649 -5.703382
1116 7 6 0.0 -6.275917 18.401274 -6.962006
1129 7 5 0.0 -0.322031 23.659212 -0.237387
1130 7 6 0.0 -0.685364 22.666567 0.028592
1131 7 6 0.0 -0.685364 23.92519 -1.230032
1276 8 5 0.0 -5.912584 18.135294 6.060639
1277 8 6 0.0 -6.275918 17.142649 6.326618
1278 8 6 0.0 -6.275917 18.401274 5.067994
1291 8 5 0.0 -0.322031 23.659212 11.792613
1292 8 6 0.0 -0.685364 22.666567 12.058592
1293 8 6 0.0 -0.685364 23.92519 10.799968
1438 9 5 0.0 -5.912584 18.135294 18.090639
1439 9 6 0.0 -6.275918 17.142649 18.356617
1440 9 6 0.0 -6.275917 18.401274 17.097994
1453 9 5 0.0 -0.322031 23.659212 23.822613
1454 9 6 0.0 -0.685364 22.666567 24.088591
1455 9 6 0.0 -0.685364 23.92519 22.829967
1600 10 5 0.0 6.117415 -5.924705 -5.969361
1601 10 6 0.0 5.754082 -6.91735 -5.703382
1602 10 6 0.0 5.754083 -5.658727 -6.962006
1615 10 5 0.0 11.707969 -0.400788 -0.237387
1616 10 6 0.0 11.344636 -1.393433 0.028592
1617 10 6 0.0 11.344636 -0.13481 -1.230032
1762 11 5 0.0 6.117415 -5.924705 6.060639
1763 11 6 0.0 5.754082 -6.91735 6.326618
1764 11 6 0.0 5.754083 -5.658727 5.067994
1777 11 5 0.0 11.707969 -0.400788 11.792613
1778 11 6 0.0 11.344636 -1.393433 12.058592
1779 11 6 0.0 11.344636 -0.13481 10.799968
1924 12 5 0.0 6.117415 -5.924705 18.090639
1925 12 6 0.0 5.754082 -6.91735 18.356617
1926 12 6 0.0 5.754083 -5.658727 17.097994
1939 12 5 0.0 11.707969 -0.400788 23.822613
1940 12 6 0.0 11.344636 -1.393433 24.088591
1941 12 6 0.0 11.344636 -0.13481 22.829967
2086 13 5 0.0 6.117415 6.105295 -5.969361
2087 13 6 0.0 5.754082 5.112649 -5.703382
2088 13 6 0.0 5.754083 6.371273 -6.962006
2101 13 5 0.0 11.707969 11.629211 -0.237387
2102 13 6 0.0 11.344636 10.636566 0.028592
2103 13 6 0.0 11.344636 11.895189 -1.230032
2248 14 5 0.0 6.117415 6.105295 6.060639
2249 14 6 0.0 5.754082 5.112649 6.326618
2250 14 6 0.0 5.754083 6.371273 5.067994
2263 14 5 0.0 11.707969 11.629211 11.792613
2264 14 6 0.0 11.344636 10.636566 12.058592
2265 14 6 0.0 11.344636 11.895189 10.799968
2410 15 5 0.0 6.117415 6.105295 18.090639
2411 15 6 0.0 5.754082 5.112649 18.356617
2412 15 6 0.0 5.754083 6.371273 17.097994
2425 15 5 0.0 11.707969 11.629211 23.822613
2426 15 6 0.0 11.344636 10.636566 24.088591
2427 15 6 0.0 11.344636 11.895189 22.829967
2572 16 5 0.0 6.117415 18.135294 -5.969361
2573 16 6 0.0 5.754082 17.142649 -5.703382
2574 16 6 0.0 5.754083 18.401274 -6.962006
2587 16 5 0.0 11.707969 23.659212 -0.237387
2588 16 6 0.0 11.344636 22.666567 0.028592
2589 16 6 0.0 11.344636 23.92519 -1.230032
2734 17 5 0.0 6.117415 18.135294 6.060639
2735 17 6 0.0 5.754082 17.142649 6.326618
2736 17 6 0.0 5.754083 18.401274 5.067994
2749 17 5 0.0 11.707969 23.659212 11.792613
2750 17 6 0.0 11.344636 22.666567 12.058592
2751 17 6 0.0 11.344636 23.92519 10.799968
2896 18 5 0.0 6.117415 18.135294 18.090639
2897 18 6 0.0 5.754082 17.142649 18.356617
2898 18 6 0.0 5.754083 18.401274 17.097994
2911 18 5 0.0 11.707969 23.659212 23.822613
2912 18 6 0.0 11.344636 22.666567 24.088591
2913 18 6 0.0 11.344636 23.92519 22.829967
3058 19 5 0.0 18.147415 -5.924705 -5.969361
3059 19 6 0.0 17.784082 -6.91735 -5.703382
3060 19 6 0.0 17.784082 -5.658727 -6.962006
3073 19 5 0.0 23.737968 -0.400788 -0.237387
3074 19 6 0.0 23.374636 -1.393433 0.028592
3075 19 6 0.0 23.374636 -0.13481 -1.230032
3220 20 5 0.0 18.147415 -5.924705 6.060639
3221 20 6 0.0 17.784082 -6.91735 6.326618
3222 20 6 0.0 17.784082 -5.658727 5.067994
3235 20 5 0.0 23.737968 -0.400788 11.792613
3236 20 6 0.0 23.374636 -1.393433 12.058592
3237 20 6 0.0 23.374636 -0.13481 10.799968
3382 21 5 0.0 18.147415 -5.924705 18.090639
3383 21 6 0.0 17.784082 -6.91735 18.356617
3384 21 6 0.0 17.784082 -5.658727 17.097994
3397 21 5 0.0 23.737968 -0.400788 23.822613
3398 21 6 0.0 23.374636 -1.393433 24.088591
3399 21 6 0.0 23.374636 -0.13481 22.829967
3544 22 5 0.0 18.147415 6.105295 -5.969361
3545 22 6 0.0 17.784082 5.112649 -5.703382
3546 22 6 0.0 17.784082 6.371273 -6.962006
3559 22 5 0.0 23.737968 11.629211 -0.237387
3560 22 6 0.0 23.374636 10.636566 0.028592
3561 22 6 0.0 23.374636 11.895189 -1.230032
3706 23 5 0.0 18.147415 6.105295 6.060639
3707 23 6 0.0 17.784082 5.112649 6.326618
3708 23 6 0.0 17.784082 6.371273 5.067994
3721 23 5 0.0 23.737968 11.629211 11.792613
3722 23 6 0.0 23.374636 10.636566 12.058592
3723 23 6 0.0 23.374636 11.895189 10.799968
3868 24 5 0.0 18.147415 6.105295 18.090639
3869 24 6 0.0 17.784082 5.112649 18.356617
3870 24 6 0.0 17.784082 6.371273 17.097994
3883 24 5 0.0 23.737968 11.629211 23.822613
3884 24 6 0.0 23.374636 10.636566 24.088591
3885 24 6 0.0 23.374636 11.895189 22.829967
4030 25 5 0.0 18.147415 18.135294 -5.969361
4031 25 6 0.0 17.784082 17.142649 -5.703382
4032 25 6 0.0 17.784082 18.401274 -6.962006
4045 25 5 0.0 23.737968 23.659212 -0.237387
4046 25 6 0.0 23.374636 22.666567 0.028592
4047 25 6 0.0 23.374636 23.92519 -1.230032
4192 26 5 0.0 18.147415 18.135294 6.060639
4193 26 6 0.0 17.784082 17.142649 6.326618
4194 26 6 0.0 17.784082 18.401274 5.067994
4207 26 5 0.0 23.737968 23.659212 11.792613
4208 26 6 0.0 23.374636 22.666567 12.058592
4209 26 6 0.0 23.374636 23.92519 10.799968
4354 27 5 0.0 18.147415 18.135294 18.090639
4355 27 6 0.0 17.784082 17.142649 18.356617
4356 27 6 0.0 17.784082 18.401274 17.097994
4369 27 5 0.0 23.737968 23.659212 23.822613
4370 27 6 0.0 23.374636 22.666567 24.088591
4371 27 6 0.0 23.374636 23.92519 22.829967
